2020-07-17T06:28:24.186881,383205169,770,426,0,0,1,0,0,<EOF>
2020-07-17T06:28:24.279239,383205169,770,426,0,0,1,0,0,<EOF>
2020-07-17T06:28:24.382801,383205169,770,426,0,0,1,0,0,<EOF>
2020-07-17T06:28:24.474842,383205169,770,426,0,0,1,0,0,<EOF>
2020-07-17T06:28:24.583469,383205169,770,426,0,0,1,0,0,<EOF>
2020-07-17T06:28:24.686820,383205169,770,426,0,0,1,0,0,<EOF>
2020-07-17T06:28:24.774477,383205169,770,426,0,0,1,0,0,<EOF>
2020-07-17T06:28:24.876572,383205169,770,426,0,0,1,0,0,<EOF>
2020-07-17T06:28:25.772881,572313259,680,26,0,0,1,0,0,<EOF>
2020-07-17T06:28:25.886732,572313259,680,26,0,0,1,0,0,<EOF>
2020-07-17T06:28:25.974621,572313259,680,26,0,0,1,0,0,<EOF>
2020-07-17T06:28:26.071769,572313259,680,26,0,0,1,0,0,<EOF>
2020-07-17T06:28:26.181822,572313259,680,26,0,0,1,0,0,<EOF>
2020-07-17T06:28:26.275951,572313259,681,27,0,0,1,0,0,<EOF>
2020-07-17T06:28:26.381603,572313259,681,27,0,0,1,0,0,<EOF>
2020-07-17T06:28:26.469375,572313259,680,31,0,0,1,0,0,<EOF>
2020-07-17T06:28:26.581061,572313259,678,38,0,0,1,0,0,<EOF>
2020-07-17T06:28:26.679418,572313259,677,40,0,0,1,0,0,<EOF>
2020-07-17T06:28:26.776787,572313259,675,45,0,0,1,0,0,<EOF>
2020-07-17T06:28:26.888139,572313259,675,48,0,0,1,0,0,<EOF>
2020-07-17T06:28:26.978036,572313259,673,51,0,0,1,0,0,<EOF>
2020-07-17T06:28:27.080432,572313259,668,53,0,0,1,0,0,234145834,679,68,0,0,1,0,0,<EOF>
2020-07-17T06:28:27.181969,572313259,664,52,0,0,1,0,0,<EOF>
2020-07-17T06:28:27.272256,572313259,659,56,0,0,1,0,0,<EOF>
2020-07-17T06:28:27.381662,572313259,656,57,0,0,1,0,0,<EOF>
2020-07-17T06:28:27.474565,572313259,653,57,0,0,1,0,0,<EOF>
2020-07-17T06:28:27.574613,572313259,649,59,0,0,1,0,0,<EOF>
2020-07-17T06:28:27.677781,572313259,644,62,0,0,1,0,0,<EOF>
2020-07-17T06:28:27.776907,572313259,638,66,0,0,1,0,0,<EOF>
2020-07-17T06:28:27.874368,572313259,633,69,0,0,1,0,0,31315239,622,81,0,0,1,0,0,<EOF>
2020-07-17T06:28:27.977882,572313259,628,74,0,0,1,0,0,<EOF>
2020-07-17T06:28:28.072035,572313259,624,78,0,0,1,0,0,334495009,613,101,0,0,1,0,0,<EOF>
2020-07-17T06:28:28.175140,572313259,621,81,0,0,1,0,0,228026474,627,120,0,0,1,0,0,<EOF>
2020-07-17T06:28:28.281944,572313259,613,92,0,0,1,0,0,228026474,627,120,0,0,1,0,0,<EOF>
2020-07-17T06:28:28.374770,572313259,605,101,0,0,1,0,0,<EOF>
